0 4
4 0
0 1
1 0
1 5
5 1
1 0
0 1
1 2
2 1
2 6
6 2
2 1
1 2
3 8
8 3
3 4
4 3
4 0
0 4
4 9
9 4
4 3
3 4
4 5
5 4
5 1
1 5
5 10
10 5
5 4
4 5
5 6
6 5
6 2
2 6
6 11
11 6
6 5
5 6
6 7
7 6
7 12
12 7
7 6
6 7
8 3
3 8
8 13
13 8
8 9
9 8
9 4
4 9
9 14
14 9
9 8
8 9
9 10
10 9
10 5
5 10
10 15
15 10
10 9
9 10
10 11
11 10
11 6
6 11
11 16
16 11
11 10
10 11
11 12
12 11
12 7
7 12
12 17
17 12
12 11
11 12
13 8
8 13
13 14
14 13
14 9
9 14
14 18
18 14
14 13
13 14
14 15
15 14
15 10
10 15
15 19
19 15
15 14
14 15
15 16
16 15
16 11
11 16
16 20
20 16
16 15
15 16
16 17
17 16
17 12
12 17
17 16
16 17
18 14
14 18
18 19
19 18
19 15
15 19
19 18
18 19
19 20
20 19
20 16
16 20
20 19
19 20
