4 11659
5 4
6 5
7 6
8 7
9 8
10 9
11 10
12 11
13 12
14 13
15 14
16 15
17 16
33 60
63 36
39 66
69 42
45 72
60 87
90 63
66 93
96 69
72 99
87 114
117 90
93 120
123 96
99 126
114 141
144 117
120 147
150 123
126 153
141 168
171 144
147 174
177 150
153 180
168 195
198 171
174 201
204 177
180 207
195 222
225 198
201 228
231 204
207 234
222 249
252 225
228 255
258 231
234 261
249 276
279 252
255 282
285 258
261 288
276 303
306 279
282 309
312 285
288 315
302 303
303 304
304 305
305 306
306 307
307 308
308 309
309 310
310 311
311 312
312 313
313 314
330 357
360 333
336 363
366 339
342 369
357 384
387 360
363 390
393 366
369 396
384 411
414 387
390 417
420 393
396 423
411 438
441 414
417 444
447 420
423 450
438 465
468 441
444 471
474 447
450 477
465 492
495 468
471 498
501 474
477 504
492 519
522 495
498 525
528 501
504 531
519 546
549 522
525 552
555 528
531 558
546 573
576 549
552 579
582 555
558 585
598 11662
599 598
600 599
601 600
602 601
603 602
604 603
605 604
606 605
607 606
608 607
609 608
610 609
611 610
638 302
631 632
632 633
633 634
635 637
7 33
36 8
36 10
13 39
573 599
2434 2433
2435 2434
2436 2435
2437 2436
2438 2437
601 573
604 576
579 605
579 607
610 582
42 14
42 16
585 611
2453 2452
2452 2451
2462 2461
2461 2460
2460 2459
2459 2458
2458 2457
2457 2456
2456 2455
2455 2454
2454 2468
5 2462
2510 2509
2512 2511
2513 2512
2511 2510
2516 2515
2515 2514
2518 2517
2517 2516
2514 2513
599 2518
2521 2520
2522 2521
2523 2522
2524 2523
576 602
582 608
17 45
39 11
33 5
2451 633
2520 2434
11663 638
2462 11659
2518 11662
315 316
2462 5
5 33
11725 11726
11726 11727
11729 11730
11728 11729
11727 11728
11724 11725
11732 11733
11731 11732
11734 11735
11733 11734
11739 11736
11736 11737
11735 11739
11730 11731
2432 11723
11726 302
302 11726
303 11727
11727 330
11728 304
11729 305
304 11728
305 11729
11730 306
333 11730
11731 307
11732 308
307 11731
308 11732
309 11733
11733 336
11734 310
11735 311
310 11734
311 11735
11739 312
339 11739
11736 313
11737 314
313 11736
314 11737
315 11738
11738 342
11738 11740
11740 316
316 11740
276 304
302 11727
303 11728
11726 330
305 279
11730 307
11729 306
333 11731
11732 336
309 11734
282 310
308 11733
339 11736
11735 312
11739 313
311 285
11737 342
314 11738
2509 11726
11723 11743
11743 11724
11742 597
11662 11742
11744 2432
11745 11744
11748 11747
11749 11748
11750 11749
11751 11750
11747 2520
637 11755
11755 11663
11754 3
11659 11754
11760 11761
11759 11760
11761 2451
11762 11763
11763 635
11765 11762
11756 11759
2464 2453
625 631
11766 11767
11767 11768
11768 11769
11769 11761
3 11770
11770 11771
11771 11772
11772 11773
11773 11766
11772 11756
11771 2464
11770 625
634 11765
2438 2524
2524 11751
597 2438
11774 11745
2433 11774
11776 11775
11777 11776
11778 11777
11779 11778
11751 11779
11775 11747
2468 302
11659 2462
33 7
8 36
10 36
39 13
11 39
14 42
16 42
582 610
608 582
2518 599
573 601
599 573
576 604
607 579
605 579
602 576
11662 2518
288 314
11737 315
314 288
11738 314
315 11737
342 11737
11735 339
11736 312
285 313
11739 311
313 285
285 311
339 11735
312 11735
313 11739
312 11736
311 11739
11736 339
282 308
11733 310
11732 309
11734 336
310 282
308 282
336 11734
336 11732
11734 309
310 11733
309 11732
11733 308
279 307
11730 305
11731 306
11729 333
307 279
11731 333
279 305
306 11729
305 11730
306 11731
333 11729
307 11730
11824 11825
11826 11824
11828 11826
11829 11827
11827 11828
11831 11829
11830 11831
11832 11830
11834 11832
11833 11834
11835 11833
11837 11835
11836 11837
11838 11836
11840 11838
11839 11840
11841 11839
11843 11841
11842 11843
11844 11842
11845 11844
11737 11738
314 315
288 316
316 11738
11738 316
315 11740
342 11740
316 11834
11834 316
11833 11740
11740 11833
11846 585
11846 11845
11848 611
11846 11848
585 11846
611 585
11825 11850
17 11849
11849 11850
11849 17
11850 11849
45 11850
11850 45
45 17
316 288
11740 342
11740 315
316 11835
11835 316
11837 11740
11740 11837
304 276
11727 302
11728 303
330 11726
11728 330
330 11728
11726 303
303 11726
11727 304
304 11727
302 276
276 302
