634 9.52 0.0
2433 24.48 0.0
316 16.32 22.23
11740 17.68 22.23
3 1.36 1.17
4 1.36 4.68
5 1.36 5.85
6 1.36 7.02
7 1.36 8.19
8 1.36 9.36
9 1.36 10.53
10 1.36 11.7
11 1.36 12.87
12 1.36 14.04
13 1.36 15.21
14 1.36 16.38
15 1.36 17.55
16 1.36 18.72
17 1.36 19.89
33 2.72 7.02
36 2.72 10.53
39 2.72 14.04
42 2.72 17.55
45 2.72 21.06
60 4.08 7.02
63 4.08 10.53
66 4.08 14.04
69 4.08 17.55
72 4.08 21.06
87 5.44 7.02
90 5.44 10.53
93 5.44 14.04
96 5.44 17.55
99 5.44 21.06
114 6.8 7.02
117 6.8 10.53
120 6.8 14.04
123 6.8 17.55
126 6.8 21.06
141 8.16 7.02
144 8.16 10.53
147 8.16 14.04
150 8.16 17.55
153 8.16 21.06
168 9.52 7.02
171 9.52 10.53
174 9.52 14.04
177 9.52 17.55
180 9.52 21.06
195 10.88 7.02
198 10.88 10.53
201 10.88 14.04
204 10.88 17.55
207 10.88 21.06
222 12.24 7.02
225 12.24 10.53
228 12.24 14.04
231 12.24 17.55
234 12.24 21.06
249 13.6 7.02
252 13.6 10.53
255 13.6 14.04
258 13.6 17.55
261 13.6 21.06
276 14.96 7.02
279 14.96 10.53
282 14.96 14.04
285 14.96 17.55
288 14.96 21.06
302 16.32 5.85
303 16.32 7.02
304 16.32 8.19
305 16.32 9.36
306 16.32 10.53
307 16.32 11.7
308 16.32 12.87
309 16.32 14.04
310 16.32 15.21
311 16.32 16.38
312 16.32 17.55
313 16.32 18.72
314 16.32 19.89
315 16.32 21.06
330 19.04 7.02
333 19.04 10.53
336 19.04 14.04
339 19.04 17.55
342 19.04 21.06
357 20.4 7.02
360 20.4 10.53
363 20.4 14.04
366 20.4 17.55
369 20.4 21.06
384 21.76 7.02
387 21.76 10.53
390 21.76 14.04
393 21.76 17.55
396 21.76 21.06
411 23.12 7.02
414 23.12 10.53
417 23.12 14.04
420 23.12 17.55
423 23.12 21.06
438 24.48 7.02
441 24.48 10.53
444 24.48 14.04
447 24.48 17.55
450 24.48 21.06
465 25.84 7.02
468 25.84 10.53
471 25.84 14.04
474 25.84 17.55
477 25.84 21.06
492 27.2 7.02
495 27.2 10.53
498 27.2 14.04
501 27.2 17.55
504 27.2 21.06
519 28.56 7.02
522 28.56 10.53
525 28.56 14.04
528 28.56 17.55
531 28.56 21.06
546 29.92 7.02
549 29.92 10.53
552 29.92 14.04
555 29.92 17.55
558 29.92 21.06
573 31.28 7.02
576 31.28 10.53
579 31.28 14.04
582 31.28 17.55
585 31.28 21.06
597 32.64 1.17
598 32.64 4.68
599 32.64 5.85
600 32.64 7.02
601 32.64 8.19
602 32.64 9.36
603 32.64 10.53
604 32.64 11.7
605 32.64 12.87
606 32.64 14.04
607 32.64 15.21
608 32.64 16.38
609 32.64 17.55
610 32.64 18.72
611 32.64 19.89
635 14.96 0.0
637 16.32 1.17
638 16.32 4.68
2432 19.04 0.0
2454 13.6 4.68
2455 12.24 4.68
2456 10.88 4.68
2457 9.52 4.68
2458 8.16 4.68
2459 6.8 4.68
2460 5.44 4.68
2461 4.08 4.68
2462 2.72 4.68
2468 14.96 4.68
2509 19.04 4.68
2510 20.4 4.68
2511 21.76 4.68
2512 23.12 4.68
2513 24.48 4.68
2514 25.84 4.68
2515 27.2 4.68
2516 28.56 4.68
2517 29.92 4.68
2518 31.28 4.68
11659 1.36 3.51
11662 32.64 3.51
11663 16.32 3.51
11723 17.68 1.17
11724 17.68 3.51
11725 17.68 4.68
11726 17.68 5.85
11727 17.68 7.02
11728 17.68 8.19
11729 17.68 9.36
11730 17.68 10.53
11731 17.68 11.7
11732 17.68 12.87
11733 17.68 14.04
11734 17.68 15.21
11735 17.68 16.38
11736 17.68 18.72
11737 17.68 19.89
11738 17.68 21.06
11739 17.68 17.55
11742 32.64 2.34
11743 17.68 2.34
11744 20.4 0.0
11745 21.76 0.0
11754 1.36 2.34
11755 16.32 2.34
11762 12.24 0.0
11763 13.6 0.0
11765 10.88 0.0
11774 23.12 0.0
11824 4.08 23.4
11825 2.72 23.4
11826 5.44 23.4
11827 8.16 23.4
11828 6.8 23.4
11829 9.52 23.4
11830 12.24 23.4
11831 10.88 23.4
11832 13.6 23.4
11833 16.32 23.4
11834 14.96 23.4
11835 17.68 23.4
11836 20.4 23.4
11837 19.04 23.4
11838 21.76 23.4
11839 24.48 23.4
11840 23.12 23.4
11841 25.84 23.4
11842 28.56 23.4
11843 27.2 23.4
11844 29.92 23.4
11845 31.28 23.4
11846 32.64 22.23
11848 32.64 21.06
11849 1.36 21.06
11850 1.36 22.23
631 5.44 0.0
632 6.8 0.0
633 8.16 0.0
2434 25.84 0.0
2435 27.2 0.0
2436 28.56 0.0
2437 29.92 0.0
2438 31.28 0.0
2451 8.16 1.17
2452 6.8 1.17
2453 5.44 1.17
2520 25.84 1.17
2521 27.2 1.17
2522 28.56 1.17
2523 29.92 1.17
2524 31.28 1.17
11747 25.84 2.34
11748 27.2 2.34
11749 28.56 2.34
11750 29.92 2.34
11751 31.28 2.34
11759 5.44 2.34
11760 6.8 2.34
11761 8.16 2.34
11756 4.08 2.34
2464 4.08 1.17
625 4.08 0.0
11766 4.08 3.51
11767 5.44 3.51
11768 6.8 3.51
11769 8.16 3.51
11770 2.72 0.0
11771 2.72 1.17
11772 2.72 2.34
11773 2.72 3.51
11775 25.84 3.51
11776 27.2 3.51
11777 28.56 3.51
11778 29.92 3.51
11779 31.28 3.51
