0 11
11 0
0 1
1 0
1 12
12 1
1 0
0 1
1 2
2 1
2 13
13 2
2 1
1 2
2 3
3 2
3 14
14 3
3 2
2 3
3 4
4 3
4 15
15 4
4 3
3 4
4 5
5 4
5 16
16 5
5 4
4 5
5 6
6 5
6 17
17 6
6 5
5 6
6 7
7 6
7 18
18 7
7 6
6 7
7 8
8 7
8 19
19 8
8 7
7 8
8 9
9 8
9 20
20 9
9 8
8 9
10 22
22 10
10 11
11 10
11 0
0 11
11 23
23 11
11 10
10 11
11 12
12 11
12 1
1 12
12 24
24 12
12 11
11 12
12 13
13 12
13 2
2 13
13 25
25 13
13 12
12 13
13 14
14 13
14 3
3 14
14 26
26 14
14 13
13 14
14 15
15 14
15 4
4 15
15 27
27 15
15 14
14 15
15 16
16 15
16 5
5 16
16 28
28 16
16 15
15 16
16 17
17 16
17 6
6 17
17 29
29 17
17 16
16 17
17 18
18 17
18 7
7 18
18 30
30 18
18 17
17 18
18 19
19 18
19 8
8 19
19 31
31 19
19 18
18 19
19 20
20 19
20 9
9 20
20 32
32 20
20 19
19 20
20 21
21 20
21 33
33 21
21 20
20 21
22 10
10 22
22 34
34 22
22 23
23 22
23 11
11 23
23 35
35 23
23 22
22 23
23 24
24 23
24 12
12 24
24 36
36 24
24 23
23 24
24 25
25 24
25 13
13 25
25 37
37 25
25 24
24 25
25 26
26 25
26 14
14 26
26 38
38 26
26 25
25 26
26 27
27 26
27 15
15 27
27 39
39 27
27 26
26 27
27 28
28 27
28 16
16 28
28 40
40 28
28 27
27 28
28 29
29 28
29 17
17 29
29 41
41 29
29 28
28 29
29 30
30 29
30 18
18 30
30 42
42 30
30 29
29 30
30 31
31 30
31 19
19 31
31 43
43 31
31 30
30 31
31 32
32 31
32 20
20 32
32 44
44 32
32 31
31 32
32 33
33 32
33 21
21 33
33 45
45 33
33 32
32 33
34 22
22 34
34 46
46 34
34 35
35 34
35 23
23 35
35 47
47 35
35 34
34 35
35 36
36 35
36 24
24 36
36 48
48 36
36 35
35 36
36 37
37 36
37 25
25 37
37 49
49 37
37 36
36 37
37 38
38 37
38 26
26 38
38 50
50 38
38 37
37 38
38 39
39 38
39 27
27 39
39 51
51 39
39 38
38 39
39 40
40 39
40 28
28 40
40 52
52 40
40 39
39 40
40 41
41 40
41 29
29 41
41 53
53 41
41 40
40 41
41 42
42 41
42 30
30 42
42 54
54 42
42 41
41 42
42 43
43 42
43 31
31 43
43 55
55 43
43 42
42 43
43 44
44 43
44 32
32 44
44 56
56 44
44 43
43 44
44 45
45 44
45 33
33 45
45 57
57 45
45 44
44 45
46 34
34 46
46 58
58 46
46 47
47 46
47 35
35 47
47 59
59 47
47 46
46 47
47 48
48 47
48 36
36 48
48 60
60 48
48 47
47 48
48 49
49 48
49 37
37 49
49 61
61 49
49 48
48 49
49 50
50 49
50 38
38 50
50 62
62 50
50 49
49 50
50 51
51 50
51 39
39 51
51 63
63 51
51 50
50 51
51 52
52 51
52 40
40 52
52 64
64 52
52 51
51 52
52 53
53 52
53 41
41 53
53 65
65 53
53 52
52 53
53 54
54 53
54 42
42 54
54 66
66 54
54 53
53 54
54 55
55 54
55 43
43 55
55 67
67 55
55 54
54 55
55 56
56 55
56 44
44 56
56 68
68 56
56 55
55 56
56 57
57 56
57 45
45 57
57 69
69 57
57 56
56 57
58 46
46 58
58 70
70 58
58 59
59 58
59 47
47 59
59 71
71 59
59 58
58 59
59 60
60 59
60 48
48 60
60 72
72 60
60 59
59 60
60 61
61 60
61 49
49 61
61 73
73 61
61 60
60 61
61 62
62 61
62 50
50 62
62 74
74 62
62 61
61 62
62 63
63 62
63 51
51 63
63 75
75 63
63 62
62 63
63 64
64 63
64 52
52 64
64 76
76 64
64 63
63 64
64 65
65 64
65 53
53 65
65 77
77 65
65 64
64 65
65 66
66 65
66 54
54 66
66 78
78 66
66 65
65 66
66 67
67 66
67 55
55 67
67 79
79 67
67 66
66 67
67 68
68 67
68 56
56 68
68 80
80 68
68 67
67 68
68 69
69 68
69 57
57 69
69 81
81 69
69 68
68 69
70 58
58 70
70 82
82 70
70 71
71 70
71 59
59 71
71 83
83 71
71 70
70 71
71 72
72 71
72 60
60 72
72 84
84 72
72 71
71 72
72 73
73 72
73 61
61 73
73 85
85 73
73 72
72 73
73 74
74 73
74 62
62 74
74 86
86 74
74 73
73 74
74 75
75 74
75 63
63 75
75 87
87 75
75 74
74 75
75 76
76 75
76 64
64 76
76 88
88 76
76 75
75 76
76 77
77 76
77 65
65 77
77 89
89 77
77 76
76 77
77 78
78 77
78 66
66 78
78 90
90 78
78 77
77 78
78 79
79 78
79 67
67 79
79 91
91 79
79 78
78 79
79 80
80 79
80 68
68 80
80 92
92 80
80 79
79 80
80 81
81 80
81 69
69 81
81 93
93 81
81 80
80 81
82 70
70 82
82 94
94 82
82 83
83 82
83 71
71 83
83 95
95 83
83 82
82 83
83 84
84 83
84 72
72 84
84 96
96 84
84 83
83 84
84 85
85 84
85 73
73 85
85 97
97 85
85 84
84 85
85 86
86 85
86 74
74 86
86 98
98 86
86 85
85 86
86 87
87 86
87 75
75 87
87 99
99 87
87 86
86 87
87 88
88 87
88 76
76 88
88 100
100 88
88 87
87 88
88 89
89 88
89 77
77 89
89 101
101 89
89 88
88 89
89 90
90 89
90 78
78 90
90 102
102 90
90 89
89 90
90 91
91 90
91 79
79 91
91 103
103 91
91 90
90 91
91 92
92 91
92 80
80 92
92 104
104 92
92 91
91 92
92 93
93 92
93 81
81 93
93 105
105 93
93 92
92 93
94 82
82 94
94 106
106 94
94 95
95 94
95 83
83 95
95 107
107 95
95 94
94 95
95 96
96 95
96 84
84 96
96 108
108 96
96 95
95 96
96 97
97 96
97 85
85 97
97 109
109 97
97 96
96 97
97 98
98 97
98 86
86 98
98 110
110 98
98 97
97 98
98 99
99 98
99 87
87 99
99 111
111 99
99 98
98 99
99 100
100 99
100 88
88 100
100 112
112 100
100 99
99 100
100 101
101 100
101 89
89 101
101 113
113 101
101 100
100 101
101 102
102 101
102 90
90 102
102 114
114 102
102 101
101 102
102 103
103 102
103 91
91 103
103 115
115 103
103 102
102 103
103 104
104 103
104 92
92 104
104 116
116 104
104 103
103 104
104 105
105 104
105 93
93 105
105 117
117 105
105 104
104 105
106 94
94 106
106 118
118 106
106 107
107 106
107 95
95 107
107 119
119 107
107 106
106 107
107 108
108 107
108 96
96 108
108 120
120 108
108 107
107 108
108 109
109 108
109 97
97 109
109 121
121 109
109 108
108 109
109 110
110 109
110 98
98 110
110 122
122 110
110 109
109 110
110 111
111 110
111 99
99 111
111 123
123 111
111 110
110 111
111 112
112 111
112 100
100 112
112 124
124 112
112 111
111 112
112 113
113 112
113 101
101 113
113 125
125 113
113 112
112 113
113 114
114 113
114 102
102 114
114 126
126 114
114 113
113 114
114 115
115 114
115 103
103 115
115 127
127 115
115 114
114 115
115 116
116 115
116 104
104 116
116 128
128 116
116 115
115 116
116 117
117 116
117 105
105 117
117 129
129 117
117 116
116 117
118 106
106 118
118 119
119 118
119 107
107 119
119 130
130 119
119 118
118 119
119 120
120 119
120 108
108 120
120 131
131 120
120 119
119 120
120 121
121 120
121 109
109 121
121 132
132 121
121 120
120 121
121 122
122 121
122 110
110 122
122 133
133 122
122 121
121 122
122 123
123 122
123 111
111 123
123 134
134 123
123 122
122 123
123 124
124 123
124 112
112 124
124 135
135 124
124 123
123 124
124 125
125 124
125 113
113 125
125 136
136 125
125 124
124 125
125 126
126 125
126 114
114 126
126 137
137 126
126 125
125 126
126 127
127 126
127 115
115 127
127 138
138 127
127 126
126 127
127 128
128 127
128 116
116 128
128 139
139 128
128 127
127 128
128 129
129 128
129 117
117 129
129 128
128 129
130 119
119 130
130 131
131 130
131 120
120 131
131 130
130 131
131 132
132 131
132 121
121 132
132 131
131 132
132 133
133 132
133 122
122 133
133 132
132 133
133 134
134 133
134 123
123 134
134 133
133 134
134 135
135 134
135 124
124 135
135 134
134 135
135 136
136 135
136 125
125 136
136 135
135 136
136 137
137 136
137 126
126 137
137 136
136 137
137 138
138 137
138 127
127 138
138 137
137 138
138 139
139 138
139 128
128 139
139 138
138 139
0 9
9 0
0 1
1 0
1 10
10 1
1 0
0 1
1 2
2 1
2 11
11 2
2 1
1 2
2 3
3 2
3 12
12 3
3 2
2 3
3 4
4 3
4 13
13 4
4 3
3 4
4 5
5 4
5 14
14 5
5 4
4 5
5 6
6 5
6 15
15 6
6 5
5 6
6 7
7 6
7 16
16 7
7 6
6 7
8 18
18 8
8 9
9 8
9 0
0 9
9 19
19 9
9 8
8 9
9 10
10 9
10 1
1 10
10 20
20 10
10 9
9 10
10 11
11 10
11 2
2 11
11 21
21 11
11 10
10 11
11 12
12 11
12 3
3 12
12 22
22 12
12 11
11 12
12 13
13 12
13 4
4 13
13 23
23 13
13 12
12 13
13 14
14 13
14 5
5 14
14 24
24 14
14 13
13 14
14 15
15 14
15 6
6 15
15 25
25 15
15 14
14 15
15 16
16 15
16 7
7 16
16 26
26 16
16 15
15 16
16 17
17 16
17 27
27 17
17 16
16 17
18 8
8 18
18 28
28 18
18 19
19 18
19 9
9 19
19 29
29 19
19 18
18 19
19 20
20 19
20 10
10 20
20 30
30 20
20 19
19 20
20 21
21 20
21 11
11 21
21 31
31 21
21 20
20 21
21 22
22 21
22 12
12 22
22 32
32 22
22 21
21 22
22 23
23 22
23 13
13 23
23 33
33 23
23 22
22 23
23 24
24 23
24 14
14 24
24 34
34 24
24 23
23 24
24 25
25 24
25 15
15 25
25 35
35 25
25 24
24 25
25 26
26 25
26 16
16 26
26 36
36 26
26 25
25 26
26 27
27 26
27 17
17 27
27 37
37 27
27 26
26 27
28 18
18 28
28 38
38 28
28 29
29 28
29 19
19 29
29 39
39 29
29 28
28 29
29 30
30 29
30 20
20 30
30 40
40 30
30 29
29 30
30 31
31 30
31 21
21 31
31 41
41 31
31 30
30 31
31 32
32 31
32 22
22 32
32 42
42 32
32 31
31 32
32 33
33 32
33 23
23 33
33 43
43 33
33 32
32 33
33 34
34 33
34 24
24 34
34 44
44 34
34 33
33 34
34 35
35 34
35 25
25 35
35 45
45 35
35 34
34 35
35 36
36 35
36 26
26 36
36 46
46 36
36 35
35 36
36 37
37 36
37 27
27 37
37 47
47 37
37 36
36 37
38 28
28 38
38 48
48 38
38 39
39 38
39 29
29 39
39 49
49 39
39 38
38 39
39 40
40 39
40 30
30 40
40 50
50 40
40 39
39 40
40 41
41 40
41 31
31 41
41 51
51 41
41 40
40 41
41 42
42 41
42 32
32 42
42 52
52 42
42 41
41 42
42 43
43 42
43 33
33 43
43 53
53 43
43 42
42 43
43 44
44 43
44 34
34 44
44 54
54 44
44 43
43 44
44 45
45 44
45 35
35 45
45 55
55 45
45 44
44 45
45 46
46 45
46 36
36 46
46 56
56 46
46 45
45 46
46 47
47 46
47 37
37 47
47 57
57 47
47 46
46 47
48 38
38 48
48 58
58 48
48 49
49 48
49 39
39 49
49 59
59 49
49 48
48 49
49 50
50 49
50 40
40 50
50 60
60 50
50 49
49 50
50 51
51 50
51 41
41 51
51 61
61 51
51 50
50 51
51 52
52 51
52 42
42 52
52 62
62 52
52 51
51 52
52 53
53 52
53 43
43 53
53 63
63 53
53 52
52 53
53 54
54 53
54 44
44 54
54 64
64 54
54 53
53 54
54 55
55 54
55 45
45 55
55 65
65 55
55 54
54 55
55 56
56 55
56 46
46 56
56 66
66 56
56 55
55 56
56 57
57 56
57 47
47 57
57 67
67 57
57 56
56 57
58 48
48 58
58 68
68 58
58 59
59 58
59 49
49 59
59 69
69 59
59 58
58 59
59 60
60 59
60 50
50 60
60 70
70 60
60 59
59 60
60 61
61 60
61 51
51 61
61 71
71 61
61 60
60 61
61 62
62 61
62 52
52 62
62 72
72 62
62 61
61 62
62 63
63 62
63 53
53 63
63 73
73 63
63 62
62 63
63 64
64 63
64 54
54 64
64 74
74 64
64 63
63 64
64 65
65 64
65 55
55 65
65 75
75 65
65 64
64 65
65 66
66 65
66 56
56 66
66 76
76 66
66 65
65 66
66 67
67 66
67 57
57 67
67 77
77 67
67 66
66 67
68 58
58 68
68 78
78 68
68 69
69 68
69 59
59 69
69 79
79 69
69 68
68 69
69 70
70 69
70 60
60 70
70 80
80 70
70 69
69 70
70 71
71 70
71 61
61 71
71 81
81 71
71 70
70 71
71 72
72 71
72 62
62 72
72 82
82 72
72 71
71 72
72 73
73 72
73 63
63 73
73 83
83 73
73 72
72 73
73 74
74 73
74 64
64 74
74 84
84 74
74 73
73 74
74 75
75 74
75 65
65 75
75 85
85 75
75 74
74 75
75 76
76 75
76 66
66 76
76 86
86 76
76 75
75 76
76 77
77 76
77 67
67 77
77 87
87 77
77 76
76 77
78 68
68 78
78 79
79 78
79 69
69 79
79 88
88 79
79 78
78 79
79 80
80 79
80 70
70 80
80 89
89 80
80 79
79 80
80 81
81 80
81 71
71 81
81 90
90 81
81 80
80 81
81 82
82 81
82 72
72 82
82 91
91 82
82 81
81 82
82 83
83 82
83 73
73 83
83 92
92 83
83 82
82 83
83 84
84 83
84 74
74 84
84 93
93 84
84 83
83 84
84 85
85 84
85 75
75 85
85 94
94 85
85 84
84 85
85 86
86 85
86 76
76 86
86 95
95 86
86 85
85 86
86 87
87 86
87 77
77 87
87 86
86 87
88 79
79 88
88 89
89 88
89 80
80 89
89 88
88 89
89 90
90 89
90 81
81 90
90 89
89 90
90 91
91 90
91 82
82 91
91 90
90 91
91 92
92 91
92 83
83 92
92 91
91 92
92 93
93 92
93 84
84 93
93 92
92 93
93 94
94 93
94 85
85 94
94 93
93 94
94 95
95 94
95 86
86 95
95 94
94 95
0 9
9 0
0 1
1 0
1 10
10 1
1 0
0 1
1 2
2 1
2 11
11 2
2 1
1 2
2 3
3 2
3 12
12 3
3 2
2 3
3 4
4 3
4 13
13 4
4 3
3 4
4 5
5 4
5 14
14 5
5 4
4 5
5 6
6 5
6 15
15 6
6 5
5 6
6 7
7 6
7 16
16 7
7 6
6 7
8 18
18 8
8 9
9 8
9 0
0 9
9 19
19 9
9 8
8 9
9 10
10 9
10 1
1 10
10 20
20 10
10 9
9 10
10 11
11 10
11 2
2 11
11 21
21 11
11 10
10 11
11 12
12 11
12 3
3 12
12 22
22 12
12 11
11 12
12 13
13 12
13 4
4 13
13 23
23 13
13 12
12 13
13 14
14 13
14 5
5 14
14 24
24 14
14 13
13 14
14 15
15 14
15 6
6 15
15 25
25 15
15 14
14 15
15 16
16 15
16 7
7 16
16 26
26 16
16 15
15 16
16 17
17 16
17 27
27 17
17 16
16 17
18 8
8 18
18 28
28 18
18 19
19 18
19 9
9 19
19 29
29 19
19 18
18 19
19 20
20 19
20 10
10 20
20 30
30 20
20 19
19 20
20 21
21 20
21 11
11 21
21 31
31 21
21 20
20 21
21 22
22 21
22 12
12 22
22 32
32 22
22 21
21 22
22 23
23 22
23 13
13 23
23 33
33 23
23 22
22 23
23 24
24 23
24 14
14 24
24 34
34 24
24 23
23 24
24 25
25 24
25 15
15 25
25 35
35 25
25 24
24 25
25 26
26 25
26 16
16 26
26 36
36 26
26 25
25 26
26 27
27 26
27 17
17 27
27 37
37 27
27 26
26 27
28 18
18 28
28 38
38 28
28 29
29 28
29 19
19 29
29 39
39 29
29 28
28 29
29 30
30 29
30 20
20 30
30 40
40 30
30 29
29 30
30 31
31 30
31 21
21 31
31 41
41 31
31 30
30 31
31 32
32 31
32 22
22 32
32 42
42 32
32 31
31 32
32 33
33 32
33 23
23 33
33 43
43 33
33 32
32 33
33 34
34 33
34 24
24 34
34 44
44 34
34 33
33 34
34 35
35 34
35 25
25 35
35 45
45 35
35 34
34 35
35 36
36 35
36 26
26 36
36 46
46 36
36 35
35 36
36 37
37 36
37 27
27 37
37 47
47 37
37 36
36 37
38 28
28 38
38 48
48 38
38 39
39 38
39 29
29 39
39 49
49 39
39 38
38 39
39 40
40 39
40 30
30 40
40 50
50 40
40 39
39 40
40 41
41 40
41 31
31 41
41 51
51 41
41 40
40 41
41 42
42 41
42 32
32 42
42 52
52 42
42 41
41 42
42 43
43 42
43 33
33 43
43 53
53 43
43 42
42 43
43 44
44 43
44 34
34 44
44 54
54 44
44 43
43 44
44 45
45 44
45 35
35 45
45 55
55 45
45 44
44 45
45 46
46 45
46 36
36 46
46 56
56 46
46 45
45 46
46 47
47 46
47 37
37 47
47 57
57 47
47 46
46 47
48 38
38 48
48 58
58 48
48 49
49 48
49 39
39 49
49 59
59 49
49 48
48 49
49 50
50 49
50 40
40 50
50 60
60 50
50 49
49 50
50 51
51 50
51 41
41 51
51 61
61 51
51 50
50 51
51 52
52 51
52 42
42 52
52 62
62 52
52 51
51 52
52 53
53 52
53 43
43 53
53 63
63 53
53 52
52 53
53 54
54 53
54 44
44 54
54 64
64 54
54 53
53 54
54 55
55 54
55 45
45 55
55 65
65 55
55 54
54 55
55 56
56 55
56 46
46 56
56 66
66 56
56 55
55 56
56 57
57 56
57 47
47 57
57 67
67 57
57 56
56 57
58 48
48 58
58 68
68 58
58 59
59 58
59 49
49 59
59 69
69 59
59 58
58 59
59 60
60 59
60 50
50 60
60 70
70 60
60 59
59 60
60 61
61 60
61 51
51 61
61 71
71 61
61 60
60 61
61 62
62 61
62 52
52 62
62 72
72 62
62 61
61 62
62 63
63 62
63 53
53 63
63 73
73 63
63 62
62 63
63 64
64 63
64 54
54 64
64 74
74 64
64 63
63 64
64 65
65 64
65 55
55 65
65 75
75 65
65 64
64 65
65 66
66 65
66 56
56 66
66 76
76 66
66 65
65 66
66 67
67 66
67 57
57 67
67 77
77 67
67 66
66 67
68 58
58 68
68 78
78 68
68 69
69 68
69 59
59 69
69 79
79 69
69 68
68 69
69 70
70 69
70 60
60 70
70 80
80 70
70 69
69 70
70 71
71 70
71 61
61 71
71 81
81 71
71 70
70 71
71 72
72 71
72 62
62 72
72 82
82 72
72 71
71 72
72 73
73 72
73 63
63 73
73 83
83 73
73 72
72 73
73 74
74 73
74 64
64 74
74 84
84 74
74 73
73 74
74 75
75 74
75 65
65 75
75 85
85 75
75 74
74 75
75 76
76 75
76 66
66 76
76 86
86 76
76 75
75 76
76 77
77 76
77 67
67 77
77 87
87 77
77 76
76 77
78 68
68 78
78 79
79 78
79 69
69 79
79 88
88 79
79 78
78 79
79 80
80 79
80 70
70 80
80 89
89 80
80 79
79 80
80 81
81 80
81 71
71 81
81 90
90 81
81 80
80 81
81 82
82 81
82 72
72 82
82 91
91 82
82 81
81 82
82 83
83 82
83 73
73 83
83 92
92 83
83 82
82 83
83 84
84 83
84 74
74 84
84 93
93 84
84 83
83 84
84 85
85 84
85 75
75 85
85 94
94 85
85 84
84 85
85 86
86 85
86 76
76 86
86 95
95 86
86 85
85 86
86 87
87 86
87 77
77 87
87 86
86 87
88 79
79 88
88 89
89 88
89 80
80 89
89 88
88 89
89 90
90 89
90 81
81 90
90 89
89 90
90 91
91 90
91 82
82 91
91 90
90 91
91 92
92 91
92 83
83 92
92 91
91 92
92 93
93 92
93 84
84 93
93 92
92 93
93 94
94 93
94 85
85 94
94 93
93 94
94 95
95 94
95 86
86 95
95 94
94 95
0 9
9 0
0 1
1 0
1 10
10 1
1 0
0 1
1 2
2 1
2 11
11 2
2 1
1 2
2 3
3 2
3 12
12 3
3 2
2 3
3 4
4 3
4 13
13 4
4 3
3 4
4 5
5 4
5 14
14 5
5 4
4 5
5 6
6 5
6 15
15 6
6 5
5 6
6 7
7 6
7 16
16 7
7 6
6 7
8 18
18 8
8 9
9 8
9 0
0 9
9 19
19 9
9 8
8 9
9 10
10 9
10 1
1 10
10 20
20 10
10 9
9 10
10 11
11 10
11 2
2 11
11 21
21 11
11 10
10 11
11 12
12 11
12 3
3 12
12 22
22 12
12 11
11 12
12 13
13 12
13 4
4 13
13 23
23 13
13 12
12 13
13 14
14 13
14 5
5 14
14 24
24 14
14 13
13 14
14 15
15 14
15 6
6 15
15 25
25 15
15 14
14 15
15 16
16 15
16 7
7 16
16 26
26 16
16 15
15 16
16 17
17 16
17 27
27 17
17 16
16 17
18 8
8 18
18 28
28 18
18 19
19 18
19 9
9 19
19 29
29 19
19 18
18 19
19 20
20 19
20 10
10 20
20 30
30 20
20 19
19 20
20 21
21 20
21 11
11 21
21 31
31 21
21 20
20 21
21 22
22 21
22 12
12 22
22 32
32 22
22 21
21 22
22 23
23 22
23 13
13 23
23 33
33 23
23 22
22 23
23 24
24 23
24 14
14 24
24 34
34 24
24 23
23 24
24 25
25 24
25 15
15 25
25 35
35 25
25 24
24 25
25 26
26 25
26 16
16 26
26 36
36 26
26 25
25 26
26 27
27 26
27 17
17 27
27 37
37 27
27 26
26 27
28 18
18 28
28 38
38 28
28 29
29 28
29 19
19 29
29 39
39 29
29 28
28 29
29 30
30 29
30 20
20 30
30 40
40 30
30 29
29 30
30 31
31 30
31 21
21 31
31 41
41 31
31 30
30 31
31 32
32 31
32 22
22 32
32 42
42 32
32 31
31 32
32 33
33 32
33 23
23 33
33 43
43 33
33 32
32 33
33 34
34 33
34 24
24 34
34 44
44 34
34 33
33 34
34 35
35 34
35 25
25 35
35 45
45 35
35 34
34 35
35 36
36 35
36 26
26 36
36 46
46 36
36 35
35 36
36 37
37 36
37 27
27 37
37 47
47 37
37 36
36 37
38 28
28 38
38 48
48 38
38 39
39 38
39 29
29 39
39 49
49 39
39 38
38 39
39 40
40 39
40 30
30 40
40 50
50 40
40 39
39 40
40 41
41 40
41 31
31 41
41 51
51 41
41 40
40 41
41 42
42 41
42 32
32 42
42 52
52 42
42 41
41 42
42 43
43 42
43 33
33 43
43 53
53 43
43 42
42 43
43 44
44 43
44 34
34 44
44 54
54 44
44 43
43 44
44 45
45 44
45 35
35 45
45 55
55 45
45 44
44 45
45 46
46 45
46 36
36 46
46 56
56 46
46 45
45 46
46 47
47 46
47 37
37 47
47 57
57 47
47 46
46 47
48 38
38 48
48 58
58 48
48 49
49 48
49 39
39 49
49 59
59 49
49 48
48 49
49 50
50 49
50 40
40 50
50 60
60 50
50 49
49 50
50 51
51 50
51 41
41 51
51 61
61 51
51 50
50 51
51 52
52 51
52 42
42 52
52 62
62 52
52 51
51 52
52 53
53 52
53 43
43 53
53 63
63 53
53 52
52 53
53 54
54 53
54 44
44 54
54 64
64 54
54 53
53 54
54 55
55 54
55 45
45 55
55 65
65 55
55 54
54 55
55 56
56 55
56 46
46 56
56 66
66 56
56 55
55 56
56 57
57 56
57 47
47 57
57 67
67 57
57 56
56 57
58 48
48 58
58 68
68 58
58 59
59 58
59 49
49 59
59 69
69 59
59 58
58 59
59 60
60 59
60 50
50 60
60 70
70 60
60 59
59 60
60 61
61 60
61 51
51 61
61 71
71 61
61 60
60 61
61 62
62 61
62 52
52 62
62 72
72 62
62 61
61 62
62 63
63 62
63 53
53 63
63 73
73 63
63 62
62 63
63 64
64 63
64 54
54 64
64 74
74 64
64 63
63 64
64 65
65 64
65 55
55 65
65 75
75 65
65 64
64 65
65 66
66 65
66 56
56 66
66 76
76 66
66 65
65 66
66 67
67 66
67 57
57 67
67 77
77 67
67 66
66 67
68 58
58 68
68 78
78 68
68 69
69 68
69 59
59 69
69 79
79 69
69 68
68 69
69 70
70 69
70 60
60 70
70 80
80 70
70 69
69 70
70 71
71 70
71 61
61 71
71 81
81 71
71 70
70 71
71 72
72 71
72 62
62 72
72 82
82 72
72 71
71 72
72 73
73 72
73 63
63 73
73 83
83 73
73 72
72 73
73 74
74 73
74 64
64 74
74 84
84 74
74 73
73 74
74 75
75 74
75 65
65 75
75 85
85 75
75 74
74 75
75 76
76 75
76 66
66 76
76 86
86 76
76 75
75 76
76 77
77 76
77 67
67 77
77 87
87 77
77 76
76 77
78 68
68 78
78 79
79 78
79 69
69 79
79 88
88 79
79 78
78 79
79 80
80 79
80 70
70 80
80 89
89 80
80 79
79 80
80 81
81 80
81 71
71 81
81 90
90 81
81 80
80 81
81 82
82 81
82 72
72 82
82 91
91 82
82 81
81 82
82 83
83 82
83 73
73 83
83 92
92 83
83 82
82 83
83 84
84 83
84 74
74 84
84 93
93 84
84 83
83 84
84 85
85 84
85 75
75 85
85 94
94 85
85 84
84 85
85 86
86 85
86 76
76 86
86 95
95 86
86 85
85 86
86 87
87 86
87 77
77 87
87 86
86 87
88 79
79 88
88 89
89 88
89 80
80 89
89 88
88 89
89 90
90 89
90 81
81 90
90 89
89 90
90 91
91 90
91 82
82 91
91 90
90 91
91 92
92 91
92 83
83 92
92 91
91 92
92 93
93 92
93 84
84 93
93 92
92 93
93 94
94 93
94 85
85 94
94 93
93 94
94 95
95 94
95 86
86 95
95 94
94 95
0 7
7 0
0 1
1 0
1 8
8 1
1 0
0 1
1 2
2 1
2 9
9 2
2 1
1 2
2 3
3 2
3 10
10 3
3 2
2 3
3 4
4 3
4 11
11 4
4 3
3 4
4 5
5 4
5 12
12 5
5 4
4 5
6 14
14 6
6 7
7 6
7 0
0 7
7 15
15 7
7 6
6 7
7 8
8 7
8 1
1 8
8 16
16 8
8 7
7 8
8 9
9 8
9 2
2 9
9 17
17 9
9 8
8 9
9 10
10 9
10 3
3 10
10 18
18 10
10 9
9 10
10 11
11 10
11 4
4 11
11 19
19 11
11 10
10 11
11 12
12 11
12 5
5 12
12 20
20 12
12 11
11 12
12 13
13 12
13 21
21 13
13 12
12 13
14 6
6 14
14 22
22 14
14 15
15 14
15 7
7 15
15 23
23 15
15 14
14 15
15 16
16 15
16 8
8 16
16 24
24 16
16 15
15 16
16 17
17 16
17 9
9 17
17 25
25 17
17 16
16 17
17 18
18 17
18 10
10 18
18 26
26 18
18 17
17 18
18 19
19 18
19 11
11 19
19 27
27 19
19 18
18 19
19 20
20 19
20 12
12 20
20 28
28 20
20 19
19 20
20 21
21 20
21 13
13 21
21 29
29 21
21 20
20 21
22 14
14 22
22 30
30 22
22 23
23 22
23 15
15 23
23 31
31 23
23 22
22 23
23 24
24 23
24 16
16 24
24 32
32 24
24 23
23 24
24 25
25 24
25 17
17 25
25 33
33 25
25 24
24 25
25 26
26 25
26 18
18 26
26 34
34 26
26 25
25 26
26 27
27 26
27 19
19 27
27 35
35 27
27 26
26 27
27 28
28 27
28 20
20 28
28 36
36 28
28 27
27 28
28 29
29 28
29 21
21 29
29 37
37 29
29 28
28 29
30 22
22 30
30 38
38 30
30 31
31 30
31 23
23 31
31 39
39 31
31 30
30 31
31 32
32 31
32 24
24 32
32 40
40 32
32 31
31 32
32 33
33 32
33 25
25 33
33 41
41 33
33 32
32 33
33 34
34 33
34 26
26 34
34 42
42 34
34 33
33 34
34 35
35 34
35 27
27 35
35 43
43 35
35 34
34 35
35 36
36 35
36 28
28 36
36 44
44 36
36 35
35 36
36 37
37 36
37 29
29 37
37 45
45 37
37 36
36 37
38 30
30 38
38 46
46 38
38 39
39 38
39 31
31 39
39 47
47 39
39 38
38 39
39 40
40 39
40 32
32 40
40 48
48 40
40 39
39 40
40 41
41 40
41 33
33 41
41 49
49 41
41 40
40 41
41 42
42 41
42 34
34 42
42 50
50 42
42 41
41 42
42 43
43 42
43 35
35 43
43 51
51 43
43 42
42 43
43 44
44 43
44 36
36 44
44 52
52 44
44 43
43 44
44 45
45 44
45 37
37 45
45 53
53 45
45 44
44 45
46 38
38 46
46 47
47 46
47 39
39 47
47 54
54 47
47 46
46 47
47 48
48 47
48 40
40 48
48 55
55 48
48 47
47 48
48 49
49 48
49 41
41 49
49 56
56 49
49 48
48 49
49 50
50 49
50 42
42 50
50 57
57 50
50 49
49 50
50 51
51 50
51 43
43 51
51 58
58 51
51 50
50 51
51 52
52 51
52 44
44 52
52 59
59 52
52 51
51 52
52 53
53 52
53 45
45 53
53 52
52 53
54 47
47 54
54 55
55 54
55 48
48 55
55 54
54 55
55 56
56 55
56 49
49 56
56 55
55 56
56 57
57 56
57 50
50 57
57 56
56 57
57 58
58 57
58 51
51 58
58 57
57 58
58 59
59 58
59 52
52 59
59 58
58 59
0 8
8 0
0 1
1 0
1 9
9 1
1 0
0 1
1 2
2 1
2 10
10 2
2 1
1 2
2 3
3 2
3 11
11 3
3 2
2 3
3 4
4 3
4 12
12 4
4 3
3 4
4 5
5 4
5 13
13 5
5 4
4 5
5 6
6 5
6 14
14 6
6 5
5 6
7 16
16 7
7 8
8 7
8 0
0 8
8 17
17 8
8 7
7 8
8 9
9 8
9 1
1 9
9 18
18 9
9 8
8 9
9 10
10 9
10 2
2 10
10 19
19 10
10 9
9 10
10 11
11 10
11 3
3 11
11 20
20 11
11 10
10 11
11 12
12 11
12 4
4 12
12 21
21 12
12 11
11 12
12 13
13 12
13 5
5 13
13 22
22 13
13 12
12 13
13 14
14 13
14 6
6 14
14 23
23 14
14 13
13 14
14 15
15 14
15 24
24 15
15 14
14 15
16 7
7 16
16 25
25 16
16 17
17 16
17 8
8 17
17 26
26 17
17 16
16 17
17 18
18 17
18 9
9 18
18 27
27 18
18 17
17 18
18 19
19 18
19 10
10 19
19 28
28 19
19 18
18 19
19 20
20 19
20 11
11 20
20 29
29 20
20 19
19 20
20 21
21 20
21 12
12 21
21 30
30 21
21 20
20 21
21 22
22 21
22 13
13 22
22 31
31 22
22 21
21 22
22 23
23 22
23 14
14 23
23 32
32 23
23 22
22 23
23 24
24 23
24 15
15 24
24 33
33 24
24 23
23 24
25 16
16 25
25 34
34 25
25 26
26 25
26 17
17 26
26 35
35 26
26 25
25 26
26 27
27 26
27 18
18 27
27 36
36 27
27 26
26 27
27 28
28 27
28 19
19 28
28 37
37 28
28 27
27 28
28 29
29 28
29 20
20 29
29 38
38 29
29 28
28 29
29 30
30 29
30 21
21 30
30 39
39 30
30 29
29 30
30 31
31 30
31 22
22 31
31 40
40 31
31 30
30 31
31 32
32 31
32 23
23 32
32 41
41 32
32 31
31 32
32 33
33 32
33 24
24 33
33 42
42 33
33 32
32 33
34 25
25 34
34 43
43 34
34 35
35 34
35 26
26 35
35 44
44 35
35 34
34 35
35 36
36 35
36 27
27 36
36 45
45 36
36 35
35 36
36 37
37 36
37 28
28 37
37 46
46 37
37 36
36 37
37 38
38 37
38 29
29 38
38 47
47 38
38 37
37 38
38 39
39 38
39 30
30 39
39 48
48 39
39 38
38 39
39 40
40 39
40 31
31 40
40 49
49 40
40 39
39 40
40 41
41 40
41 32
32 41
41 50
50 41
41 40
40 41
41 42
42 41
42 33
33 42
42 51
51 42
42 41
41 42
43 34
34 43
43 52
52 43
43 44
44 43
44 35
35 44
44 53
53 44
44 43
43 44
44 45
45 44
45 36
36 45
45 54
54 45
45 44
44 45
45 46
46 45
46 37
37 46
46 55
55 46
46 45
45 46
46 47
47 46
47 38
38 47
47 56
56 47
47 46
46 47
47 48
48 47
48 39
39 48
48 57
57 48
48 47
47 48
48 49
49 48
49 40
40 49
49 58
58 49
49 48
48 49
49 50
50 49
50 41
41 50
50 59
59 50
50 49
49 50
50 51
51 50
51 42
42 51
51 60
60 51
51 50
50 51
52 43
43 52
52 61
61 52
52 53
53 52
53 44
44 53
53 62
62 53
53 52
52 53
53 54
54 53
54 45
45 54
54 63
63 54
54 53
53 54
54 55
55 54
55 46
46 55
55 64
64 55
55 54
54 55
55 56
56 55
56 47
47 56
56 65
65 56
56 55
55 56
56 57
57 56
57 48
48 57
57 66
66 57
57 56
56 57
57 58
58 57
58 49
49 58
58 67
67 58
58 57
57 58
58 59
59 58
59 50
50 59
59 68
68 59
59 58
58 59
59 60
60 59
60 51
51 60
60 69
69 60
60 59
59 60
61 52
52 61
61 62
62 61
62 53
53 62
62 70
70 62
62 61
61 62
62 63
63 62
63 54
54 63
63 71
71 63
63 62
62 63
63 64
64 63
64 55
55 64
64 72
72 64
64 63
63 64
64 65
65 64
65 56
56 65
65 73
73 65
65 64
64 65
65 66
66 65
66 57
57 66
66 74
74 66
66 65
65 66
66 67
67 66
67 58
58 67
67 75
75 67
67 66
66 67
67 68
68 67
68 59
59 68
68 76
76 68
68 67
67 68
68 69
69 68
69 60
60 69
69 68
68 69
70 62
62 70
70 71
71 70
71 63
63 71
71 70
70 71
71 72
72 71
72 64
64 72
72 71
71 72
72 73
73 72
73 65
65 73
73 72
72 73
73 74
74 73
74 66
66 74
74 73
73 74
74 75
75 74
75 67
67 75
75 74
74 75
75 76
76 75
76 68
68 76
76 75
75 76
0 9
9 0
0 1
1 0
1 10
10 1
1 0
0 1
1 2
2 1
2 11
11 2
2 1
1 2
2 3
3 2
3 12
12 3
3 2
2 3
3 4
4 3
4 13
13 4
4 3
3 4
4 5
5 4
5 14
14 5
5 4
4 5
5 6
6 5
6 15
15 6
6 5
5 6
6 7
7 6
7 16
16 7
7 6
6 7
8 18
18 8
8 9
9 8
9 0
0 9
9 19
19 9
9 8
8 9
9 10
10 9
10 1
1 10
10 20
20 10
10 9
9 10
10 11
11 10
11 2
2 11
11 21
21 11
11 10
10 11
11 12
12 11
12 3
3 12
12 22
22 12
12 11
11 12
12 13
13 12
13 4
4 13
13 23
23 13
13 12
12 13
13 14
14 13
14 5
5 14
14 24
24 14
14 13
13 14
14 15
15 14
15 6
6 15
15 25
25 15
15 14
14 15
15 16
16 15
16 7
7 16
16 26
26 16
16 15
15 16
16 17
17 16
17 27
27 17
17 16
16 17
18 8
8 18
18 28
28 18
18 19
19 18
19 9
9 19
19 29
29 19
19 18
18 19
19 20
20 19
20 10
10 20
20 30
30 20
20 19
19 20
20 21
21 20
21 11
11 21
21 31
31 21
21 20
20 21
21 22
22 21
22 12
12 22
22 32
32 22
22 21
21 22
22 23
23 22
23 13
13 23
23 33
33 23
23 22
22 23
23 24
24 23
24 14
14 24
24 34
34 24
24 23
23 24
24 25
25 24
25 15
15 25
25 35
35 25
25 24
24 25
25 26
26 25
26 16
16 26
26 36
36 26
26 25
25 26
26 27
27 26
27 17
17 27
27 37
37 27
27 26
26 27
28 18
18 28
28 38
38 28
28 29
29 28
29 19
19 29
29 39
39 29
29 28
28 29
29 30
30 29
30 20
20 30
30 40
40 30
30 29
29 30
30 31
31 30
31 21
21 31
31 41
41 31
31 30
30 31
31 32
32 31
32 22
22 32
32 42
42 32
32 31
31 32
32 33
33 32
33 23
23 33
33 43
43 33
33 32
32 33
33 34
34 33
34 24
24 34
34 44
44 34
34 33
33 34
34 35
35 34
35 25
25 35
35 45
45 35
35 34
34 35
35 36
36 35
36 26
26 36
36 46
46 36
36 35
35 36
36 37
37 36
37 27
27 37
37 47
47 37
37 36
36 37
38 28
28 38
38 48
48 38
38 39
39 38
39 29
29 39
39 49
49 39
39 38
38 39
39 40
40 39
40 30
30 40
40 50
50 40
40 39
39 40
40 41
41 40
41 31
31 41
41 51
51 41
41 40
40 41
41 42
42 41
42 32
32 42
42 52
52 42
42 41
41 42
42 43
43 42
43 33
33 43
43 53
53 43
43 42
42 43
43 44
44 43
44 34
34 44
44 54
54 44
44 43
43 44
44 45
45 44
45 35
35 45
45 55
55 45
45 44
44 45
45 46
46 45
46 36
36 46
46 56
56 46
46 45
45 46
46 47
47 46
47 37
37 47
47 57
57 47
47 46
46 47
48 38
38 48
48 58
58 48
48 49
49 48
49 39
39 49
49 59
59 49
49 48
48 49
49 50
50 49
50 40
40 50
50 60
60 50
50 49
49 50
50 51
51 50
51 41
41 51
51 61
61 51
51 50
50 51
51 52
52 51
52 42
42 52
52 62
62 52
52 51
51 52
52 53
53 52
53 43
43 53
53 63
63 53
53 52
52 53
53 54
54 53
54 44
44 54
54 64
64 54
54 53
53 54
54 55
55 54
55 45
45 55
55 65
65 55
55 54
54 55
55 56
56 55
56 46
46 56
56 66
66 56
56 55
55 56
56 57
57 56
57 47
47 57
57 67
67 57
57 56
56 57
58 48
48 58
58 68
68 58
58 59
59 58
59 49
49 59
59 69
69 59
59 58
58 59
59 60
60 59
60 50
50 60
60 70
70 60
60 59
59 60
60 61
61 60
61 51
51 61
61 71
71 61
61 60
60 61
61 62
62 61
62 52
52 62
62 72
72 62
62 61
61 62
62 63
63 62
63 53
53 63
63 73
73 63
63 62
62 63
63 64
64 63
64 54
54 64
64 74
74 64
64 63
63 64
64 65
65 64
65 55
55 65
65 75
75 65
65 64
64 65
65 66
66 65
66 56
56 66
66 76
76 66
66 65
65 66
66 67
67 66
67 57
57 67
67 77
77 67
67 66
66 67
68 58
58 68
68 78
78 68
68 69
69 68
69 59
59 69
69 79
79 69
69 68
68 69
69 70
70 69
70 60
60 70
70 80
80 70
70 69
69 70
70 71
71 70
71 61
61 71
71 81
81 71
71 70
70 71
71 72
72 71
72 62
62 72
72 82
82 72
72 71
71 72
72 73
73 72
73 63
63 73
73 83
83 73
73 72
72 73
73 74
74 73
74 64
64 74
74 84
84 74
74 73
73 74
74 75
75 74
75 65
65 75
75 85
85 75
75 74
74 75
75 76
76 75
76 66
66 76
76 86
86 76
76 75
75 76
76 77
77 76
77 67
67 77
77 87
87 77
77 76
76 77
78 68
68 78
78 79
79 78
79 69
69 79
79 88
88 79
79 78
78 79
79 80
80 79
80 70
70 80
80 89
89 80
80 79
79 80
80 81
81 80
81 71
71 81
81 90
90 81
81 80
80 81
81 82
82 81
82 72
72 82
82 91
91 82
82 81
81 82
82 83
83 82
83 73
73 83
83 92
92 83
83 82
82 83
83 84
84 83
84 74
74 84
84 93
93 84
84 83
83 84
84 85
85 84
85 75
75 85
85 94
94 85
85 84
84 85
85 86
86 85
86 76
76 86
86 95
95 86
86 85
85 86
86 87
87 86
87 77
77 87
87 86
86 87
88 79
79 88
88 89
89 88
89 80
80 89
89 88
88 89
89 90
90 89
90 81
81 90
90 89
89 90
90 91
91 90
91 82
82 91
91 90
90 91
91 92
92 91
92 83
83 92
92 91
91 92
92 93
93 92
93 84
84 93
93 92
92 93
93 94
94 93
94 85
85 94
94 93
93 94
94 95
95 94
95 86
86 95
95 94
94 95
