0 0.0 1.0
1 0.0 2.0
2 0.0 3.0
3 0.0 4.0
4 0.0 5.0
5 0.0 6.0
6 0.0 7.0
7 0.0 8.0
8 0.0 9.0
9 0.0 10.0
10 1.0 0.0
11 1.0 1.0
12 1.0 2.0
13 1.0 3.0
14 1.0 4.0
15 1.0 5.0
16 1.0 6.0
17 1.0 7.0
18 1.0 8.0
19 1.0 9.0
20 1.0 10.0
21 1.0 11.0
22 2.0 0.0
23 2.0 1.0
24 2.0 2.0
25 2.0 3.0
26 2.0 4.0
27 2.0 5.0
28 2.0 6.0
29 2.0 7.0
30 2.0 8.0
31 2.0 9.0
32 2.0 10.0
33 2.0 11.0
34 3.0 0.0
35 3.0 1.0
36 3.0 2.0
37 3.0 3.0
38 3.0 4.0
39 3.0 5.0
40 3.0 6.0
41 3.0 7.0
42 3.0 8.0
43 3.0 9.0
44 3.0 10.0
45 3.0 11.0
46 4.0 0.0
47 4.0 1.0
48 4.0 2.0
49 4.0 3.0
50 4.0 4.0
51 4.0 5.0
52 4.0 6.0
53 4.0 7.0
54 4.0 8.0
55 4.0 9.0
56 4.0 10.0
57 4.0 11.0
58 5.0 0.0
59 5.0 1.0
60 5.0 2.0
61 5.0 3.0
62 5.0 4.0
63 5.0 5.0
64 5.0 6.0
65 5.0 7.0
66 5.0 8.0
67 5.0 9.0
68 5.0 10.0
69 5.0 11.0
70 6.0 0.0
71 6.0 1.0
72 6.0 2.0
73 6.0 3.0
74 6.0 4.0
75 6.0 5.0
76 6.0 6.0
77 6.0 7.0
78 6.0 8.0
79 6.0 9.0
80 6.0 10.0
81 6.0 11.0
82 7.0 0.0
83 7.0 1.0
84 7.0 2.0
85 7.0 3.0
86 7.0 4.0
87 7.0 5.0
88 7.0 6.0
89 7.0 7.0
90 7.0 8.0
91 7.0 9.0
92 7.0 10.0
93 7.0 11.0
94 8.0 0.0
95 8.0 1.0
96 8.0 2.0
97 8.0 3.0
98 8.0 4.0
99 8.0 5.0
100 8.0 6.0
101 8.0 7.0
102 8.0 8.0
103 8.0 9.0
104 8.0 10.0
105 8.0 11.0
106 9.0 0.0
107 9.0 1.0
108 9.0 2.0
109 9.0 3.0
110 9.0 4.0
111 9.0 5.0
112 9.0 6.0
113 9.0 7.0
114 9.0 8.0
115 9.0 9.0
116 9.0 10.0
117 9.0 11.0
118 10.0 0.0
119 10.0 1.0
120 10.0 2.0
121 10.0 3.0
122 10.0 4.0
123 10.0 5.0
124 10.0 6.0
125 10.0 7.0
126 10.0 8.0
127 10.0 9.0
128 10.0 10.0
129 10.0 11.0
130 11.0 1.0
131 11.0 2.0
132 11.0 3.0
133 11.0 4.0
134 11.0 5.0
135 11.0 6.0
136 11.0 7.0
137 11.0 8.0
138 11.0 9.0
139 11.0 10.0
0 0.0 1.0
1 0.0 2.0
2 0.0 3.0
3 0.0 4.0
4 0.0 5.0
5 0.0 6.0
6 0.0 7.0
7 0.0 8.0
8 1.0 0.0
9 1.0 1.0
10 1.0 2.0
11 1.0 3.0
12 1.0 4.0
13 1.0 5.0
14 1.0 6.0
15 1.0 7.0
16 1.0 8.0
17 1.0 9.0
18 2.0 0.0
19 2.0 1.0
20 2.0 2.0
21 2.0 3.0
22 2.0 4.0
23 2.0 5.0
24 2.0 6.0
25 2.0 7.0
26 2.0 8.0
27 2.0 9.0
28 3.0 0.0
29 3.0 1.0
30 3.0 2.0
31 3.0 3.0
32 3.0 4.0
33 3.0 5.0
34 3.0 6.0
35 3.0 7.0
36 3.0 8.0
37 3.0 9.0
38 4.0 0.0
39 4.0 1.0
40 4.0 2.0
41 4.0 3.0
42 4.0 4.0
43 4.0 5.0
44 4.0 6.0
45 4.0 7.0
46 4.0 8.0
47 4.0 9.0
48 5.0 0.0
49 5.0 1.0
50 5.0 2.0
51 5.0 3.0
52 5.0 4.0
53 5.0 5.0
54 5.0 6.0
55 5.0 7.0
56 5.0 8.0
57 5.0 9.0
58 6.0 0.0
59 6.0 1.0
60 6.0 2.0
61 6.0 3.0
62 6.0 4.0
63 6.0 5.0
64 6.0 6.0
65 6.0 7.0
66 6.0 8.0
67 6.0 9.0
68 7.0 0.0
69 7.0 1.0
70 7.0 2.0
71 7.0 3.0
72 7.0 4.0
73 7.0 5.0
74 7.0 6.0
75 7.0 7.0
76 7.0 8.0
77 7.0 9.0
78 8.0 0.0
79 8.0 1.0
80 8.0 2.0
81 8.0 3.0
82 8.0 4.0
83 8.0 5.0
84 8.0 6.0
85 8.0 7.0
86 8.0 8.0
87 8.0 9.0
88 9.0 1.0
89 9.0 2.0
90 9.0 3.0
91 9.0 4.0
92 9.0 5.0
93 9.0 6.0
94 9.0 7.0
95 9.0 8.0
0 0.0 1.0
1 0.0 2.0
2 0.0 3.0
3 0.0 4.0
4 0.0 5.0
5 0.0 6.0
6 0.0 7.0
7 0.0 8.0
8 1.0 0.0
9 1.0 1.0
10 1.0 2.0
11 1.0 3.0
12 1.0 4.0
13 1.0 5.0
14 1.0 6.0
15 1.0 7.0
16 1.0 8.0
17 1.0 9.0
18 2.0 0.0
19 2.0 1.0
20 2.0 2.0
21 2.0 3.0
22 2.0 4.0
23 2.0 5.0
24 2.0 6.0
25 2.0 7.0
26 2.0 8.0
27 2.0 9.0
28 3.0 0.0
29 3.0 1.0
30 3.0 2.0
31 3.0 3.0
32 3.0 4.0
33 3.0 5.0
34 3.0 6.0
35 3.0 7.0
36 3.0 8.0
37 3.0 9.0
38 4.0 0.0
39 4.0 1.0
40 4.0 2.0
41 4.0 3.0
42 4.0 4.0
43 4.0 5.0
44 4.0 6.0
45 4.0 7.0
46 4.0 8.0
47 4.0 9.0
48 5.0 0.0
49 5.0 1.0
50 5.0 2.0
51 5.0 3.0
52 5.0 4.0
53 5.0 5.0
54 5.0 6.0
55 5.0 7.0
56 5.0 8.0
57 5.0 9.0
58 6.0 0.0
59 6.0 1.0
60 6.0 2.0
61 6.0 3.0
62 6.0 4.0
63 6.0 5.0
64 6.0 6.0
65 6.0 7.0
66 6.0 8.0
67 6.0 9.0
68 7.0 0.0
69 7.0 1.0
70 7.0 2.0
71 7.0 3.0
72 7.0 4.0
73 7.0 5.0
74 7.0 6.0
75 7.0 7.0
76 7.0 8.0
77 7.0 9.0
78 8.0 0.0
79 8.0 1.0
80 8.0 2.0
81 8.0 3.0
82 8.0 4.0
83 8.0 5.0
84 8.0 6.0
85 8.0 7.0
86 8.0 8.0
87 8.0 9.0
88 9.0 1.0
89 9.0 2.0
90 9.0 3.0
91 9.0 4.0
92 9.0 5.0
93 9.0 6.0
94 9.0 7.0
95 9.0 8.0
0 0.0 1.0
1 0.0 2.0
2 0.0 3.0
3 0.0 4.0
4 0.0 5.0
5 0.0 6.0
6 0.0 7.0
7 0.0 8.0
8 1.0 0.0
9 1.0 1.0
10 1.0 2.0
11 1.0 3.0
12 1.0 4.0
13 1.0 5.0
14 1.0 6.0
15 1.0 7.0
16 1.0 8.0
17 1.0 9.0
18 2.0 0.0
19 2.0 1.0
20 2.0 2.0
21 2.0 3.0
22 2.0 4.0
23 2.0 5.0
24 2.0 6.0
25 2.0 7.0
26 2.0 8.0
27 2.0 9.0
28 3.0 0.0
29 3.0 1.0
30 3.0 2.0
31 3.0 3.0
32 3.0 4.0
33 3.0 5.0
34 3.0 6.0
35 3.0 7.0
36 3.0 8.0
37 3.0 9.0
38 4.0 0.0
39 4.0 1.0
40 4.0 2.0
41 4.0 3.0
42 4.0 4.0
43 4.0 5.0
44 4.0 6.0
45 4.0 7.0
46 4.0 8.0
47 4.0 9.0
48 5.0 0.0
49 5.0 1.0
50 5.0 2.0
51 5.0 3.0
52 5.0 4.0
53 5.0 5.0
54 5.0 6.0
55 5.0 7.0
56 5.0 8.0
57 5.0 9.0
58 6.0 0.0
59 6.0 1.0
60 6.0 2.0
61 6.0 3.0
62 6.0 4.0
63 6.0 5.0
64 6.0 6.0
65 6.0 7.0
66 6.0 8.0
67 6.0 9.0
68 7.0 0.0
69 7.0 1.0
70 7.0 2.0
71 7.0 3.0
72 7.0 4.0
73 7.0 5.0
74 7.0 6.0
75 7.0 7.0
76 7.0 8.0
77 7.0 9.0
78 8.0 0.0
79 8.0 1.0
80 8.0 2.0
81 8.0 3.0
82 8.0 4.0
83 8.0 5.0
84 8.0 6.0
85 8.0 7.0
86 8.0 8.0
87 8.0 9.0
88 9.0 1.0
89 9.0 2.0
90 9.0 3.0
91 9.0 4.0
92 9.0 5.0
93 9.0 6.0
94 9.0 7.0
95 9.0 8.0
0 0.0 1.0
1 0.0 2.0
2 0.0 3.0
3 0.0 4.0
4 0.0 5.0
5 0.0 6.0
6 1.0 0.0
7 1.0 1.0
8 1.0 2.0
9 1.0 3.0
10 1.0 4.0
11 1.0 5.0
12 1.0 6.0
13 1.0 7.0
14 2.0 0.0
15 2.0 1.0
16 2.0 2.0
17 2.0 3.0
18 2.0 4.0
19 2.0 5.0
20 2.0 6.0
21 2.0 7.0
22 3.0 0.0
23 3.0 1.0
24 3.0 2.0
25 3.0 3.0
26 3.0 4.0
27 3.0 5.0
28 3.0 6.0
29 3.0 7.0
30 4.0 0.0
31 4.0 1.0
32 4.0 2.0
33 4.0 3.0
34 4.0 4.0
35 4.0 5.0
36 4.0 6.0
37 4.0 7.0
38 5.0 0.0
39 5.0 1.0
40 5.0 2.0
41 5.0 3.0
42 5.0 4.0
43 5.0 5.0
44 5.0 6.0
45 5.0 7.0
46 6.0 0.0
47 6.0 1.0
48 6.0 2.0
49 6.0 3.0
50 6.0 4.0
51 6.0 5.0
52 6.0 6.0
53 6.0 7.0
54 7.0 1.0
55 7.0 2.0
56 7.0 3.0
57 7.0 4.0
58 7.0 5.0
59 7.0 6.0
0 0.0 1.0
1 0.0 2.0
2 0.0 3.0
3 0.0 4.0
4 0.0 5.0
5 0.0 6.0
6 0.0 7.0
7 1.0 0.0
8 1.0 1.0
9 1.0 2.0
10 1.0 3.0
11 1.0 4.0
12 1.0 5.0
13 1.0 6.0
14 1.0 7.0
15 1.0 8.0
16 2.0 0.0
17 2.0 1.0
18 2.0 2.0
19 2.0 3.0
20 2.0 4.0
21 2.0 5.0
22 2.0 6.0
23 2.0 7.0
24 2.0 8.0
25 3.0 0.0
26 3.0 1.0
27 3.0 2.0
28 3.0 3.0
29 3.0 4.0
30 3.0 5.0
31 3.0 6.0
32 3.0 7.0
33 3.0 8.0
34 4.0 0.0
35 4.0 1.0
36 4.0 2.0
37 4.0 3.0
38 4.0 4.0
39 4.0 5.0
40 4.0 6.0
41 4.0 7.0
42 4.0 8.0
43 5.0 0.0
44 5.0 1.0
45 5.0 2.0
46 5.0 3.0
47 5.0 4.0
48 5.0 5.0
49 5.0 6.0
50 5.0 7.0
51 5.0 8.0
52 6.0 0.0
53 6.0 1.0
54 6.0 2.0
55 6.0 3.0
56 6.0 4.0
57 6.0 5.0
58 6.0 6.0
59 6.0 7.0
60 6.0 8.0
61 7.0 0.0
62 7.0 1.0
63 7.0 2.0
64 7.0 3.0
65 7.0 4.0
66 7.0 5.0
67 7.0 6.0
68 7.0 7.0
69 7.0 8.0
70 8.0 1.0
71 8.0 2.0
72 8.0 3.0
73 8.0 4.0
74 8.0 5.0
75 8.0 6.0
76 8.0 7.0
0 0.0 1.0
1 0.0 2.0
2 0.0 3.0
3 0.0 4.0
4 0.0 5.0
5 0.0 6.0
6 0.0 7.0
7 0.0 8.0
8 1.0 0.0
9 1.0 1.0
10 1.0 2.0
11 1.0 3.0
12 1.0 4.0
13 1.0 5.0
14 1.0 6.0
15 1.0 7.0
16 1.0 8.0
17 1.0 9.0
18 2.0 0.0
19 2.0 1.0
20 2.0 2.0
21 2.0 3.0
22 2.0 4.0
23 2.0 5.0
24 2.0 6.0
25 2.0 7.0
26 2.0 8.0
27 2.0 9.0
28 3.0 0.0
29 3.0 1.0
30 3.0 2.0
31 3.0 3.0
32 3.0 4.0
33 3.0 5.0
34 3.0 6.0
35 3.0 7.0
36 3.0 8.0
37 3.0 9.0
38 4.0 0.0
39 4.0 1.0
40 4.0 2.0
41 4.0 3.0
42 4.0 4.0
43 4.0 5.0
44 4.0 6.0
45 4.0 7.0
46 4.0 8.0
47 4.0 9.0
48 5.0 0.0
49 5.0 1.0
50 5.0 2.0
51 5.0 3.0
52 5.0 4.0
53 5.0 5.0
54 5.0 6.0
55 5.0 7.0
56 5.0 8.0
57 5.0 9.0
58 6.0 0.0
59 6.0 1.0
60 6.0 2.0
61 6.0 3.0
62 6.0 4.0
63 6.0 5.0
64 6.0 6.0
65 6.0 7.0
66 6.0 8.0
67 6.0 9.0
68 7.0 0.0
69 7.0 1.0
70 7.0 2.0
71 7.0 3.0
72 7.0 4.0
73 7.0 5.0
74 7.0 6.0
75 7.0 7.0
76 7.0 8.0
77 7.0 9.0
78 8.0 0.0
79 8.0 1.0
80 8.0 2.0
81 8.0 3.0
82 8.0 4.0
83 8.0 5.0
84 8.0 6.0
85 8.0 7.0
86 8.0 8.0
87 8.0 9.0
88 9.0 1.0
89 9.0 2.0
90 9.0 3.0
91 9.0 4.0
92 9.0 5.0
93 9.0 6.0
94 9.0 7.0
95 9.0 8.0
